running_time = 670.8437578678131
start = 1670135727.016068
end = 1670136397.8598258
