running_time = 109153.93802404404
start = 1670263788.229364
end = 1670372942.167388
