running_time = 112174.69184088707
start = 1670380656.597182
end = 1670492831.289023
file_write_time = 0.010622978210449219
start of file write = 1670492831.289045
end of file write= 1670492831.299668
