running_time = 111216.40041899681
start = 1670137459.579707
end = 1670248675.980126
