running_time = 658.8700160980225
start = 1670134167.684111
end = 1670134826.5541272
